# Bundle file v0.3
30 0
1.029247015e+03 -1.023175335e-01 1.963043050e-01
9.980837305e-01 3.203883566e-02 5.293750933e-02
-5.745946418e-02 7.973598397e-01 6.007625953e-01
-2.296250989e-02 -6.026531332e-01 7.976728177e-01
2.925944901e-02 6.788802641e-01 5.009429063e-01
2.938092459e+03 -1.460853849e-01 1.234303488e-01
9.931907574e-01 9.583501757e-03 -1.161045905e-01
1.015902320e-02 9.856896409e-01 1.682638582e-01
1.160556491e-01 -1.682976180e-01 9.788804820e-01
-1.963427445e-01 4.672238479e-01 9.128075283e-01
2.896795156e+03 -1.677371548e-01 1.443428805e-01
9.136832954e-01 1.389987908e-01 3.819190646e-01
-1.501040122e-01 9.886699458e-01 -7.237093824e-04
-3.776924957e-01 -5.666634278e-02 9.241954903e-01
3.587858368e-01 4.772113080e-02 2.949596052e-01
1.470583110e+03 -1.183440151e-02 -4.096529867e-03
9.448758919e-01 -9.091843181e-02 -3.145526787e-01
2.829140517e-02 9.797523504e-01 -1.982042589e-01
3.262041467e-01 1.783792886e-01 9.283165861e-01
-5.971678296e-01 -2.949374867e-01 -1.917009893e+00
8.505996835e+03 2.707713203e-01 -1.281000473e-02
9.793981790e-01 4.031398041e-02 1.978736718e-01
-3.763301814e-02 9.991419989e-01 -1.729225268e-02
-1.984010156e-01 9.489417300e-03 9.800749910e-01
2.352254395e-01 -6.806978890e-01 -1.898192318e+00
1.192137710e+03 -1.220171061e-01 -3.012915307e-02
9.304826341e-01 8.502969861e-02 3.563313318e-01
-9.028221094e-02 9.959144142e-01 -1.897876996e-03
-3.550368855e-01 -3.040443887e-02 9.343577367e-01
5.810508397e-01 8.353143782e-02 2.833140670e-01
1.123511562e+03 -9.904351403e-02 -5.952048725e-02
9.738626100e-01 5.984160445e-02 2.191132112e-01
-5.077751135e-02 9.976141345e-01 -4.677267355e-02
-2.213893883e-01 3.442413437e-02 9.745777125e-01
2.500583108e-01 1.640618908e-01 7.088439401e-01
1.102574034e+03 -6.695687352e-02 -1.428354263e-01
9.910562849e-01 -1.104140616e-03 1.334399532e-01
-1.037742597e-02 9.962998316e-01 8.531678907e-02
-1.330404046e-01 -8.593850325e-02 9.873777516e-01
1.773375019e-01 -2.976959613e-02 1.316601008e-01
1.117970481e+03 -7.842407165e-02 -1.387277922e-01
9.150668662e-01 6.898955408e-02 3.973576121e-01
-1.593914337e-01 9.669128455e-01 1.991831319e-01
-3.704686240e-01 -2.456012838e-01 8.957862513e-01
5.915778241e-01 1.073100138e-01 2.360687236e-01
1.097171767e+03 -8.666787889e-02 -3.939506435e-02
9.889948445e-01 -1.834271732e-02 1.468085224e-01
2.355302916e-02 9.991499934e-01 -3.383113221e-02
-1.460631793e-01 3.691660075e-02 9.885862189e-01
1.479473138e-01 -2.062394188e-01 -4.210953727e-01
2.366042704e+03 -1.597930516e-01 1.391366051e-01
9.893960463e-01 1.555817148e-02 1.444070871e-01
-5.063487902e-02 9.688183911e-01 2.425428500e-01
-1.361307185e-01 -2.472829722e-01 9.593328719e-01
4.510120158e-01 1.824793056e-01 3.272218423e-01
2.352146840e+03 -1.884228895e-01 2.591796518e-01
9.738514235e-01 -1.035351501e-01 -2.022223471e-01
1.073018949e-01 9.941964867e-01 7.723284218e-03
2.002491157e-01 -2.922017238e-02 9.793091816e-01
-7.544185809e-01 -2.019707773e-01 -3.569305922e-01
8.918374794e+02 -1.525887465e-01 2.127648418e-03
9.992102696e-01 -1.944660491e-02 3.465063655e-02
2.305887965e-02 9.939807119e-01 -1.071010385e-01
-3.235931280e-02 1.078154625e-01 9.936441521e-01
-1.206922390e-01 -2.447364368e-01 -8.585219325e-01
1.179438531e+03 -1.902614129e-01 1.799562246e-01
9.992489634e-01 1.322062707e-02 3.642422472e-02
-1.892354045e-02 9.867764457e-01 1.609787122e-01
-3.381432748e-02 -1.615470866e-01 9.862855216e-01
6.873484515e-02 8.564929769e-02 2.709526682e-01
6.492554038e+02 -1.310719570e-01 -3.768633242e-02
9.953691303e-01 3.418679913e-02 8.984184595e-02
-1.944742794e-02 9.869122399e-01 -1.600813175e-01
-9.413868527e-02 1.575928090e-01 9.830068232e-01
1.129040735e-01 -8.795253431e-02 1.112791025e-01
2.532431336e+03 -1.374697911e-01 -3.023797947e-02
9.940819060e-01 -2.979798690e-02 -1.044664737e-01
2.038849317e-02 9.957321861e-01 -9.000957098e-02
1.067027343e-01 8.734697190e-02 9.904468855e-01
-2.589629417e-01 -3.484574158e-01 -1.194098868e+00
1.716281535e+03 -1.327917481e-02 2.541821357e-03
6.905116515e-01 4.890635807e-01 -5.329263299e-01
-2.809540832e-01 8.602727007e-01 4.254358748e-01
6.665271654e-01 -1.440406000e-01 7.314327332e-01
-8.007692768e-01 5.693419319e-01 -2.645377031e-01
1.110336625e+03 -1.403879157e-01 1.033407961e-01
9.149955664e-01 1.151465593e-01 3.866838287e-01
-2.541869836e-01 9.088056074e-01 3.308494299e-01
-3.133242583e-01 -4.010157575e-01 8.608218581e-01
5.923683539e-01 1.444751515e-01 1.934175936e-01
1.206147370e+03 -2.940693270e-02 7.871502912e-02
9.997518549e-01 1.824583280e-02 1.277959731e-02
-2.075215527e-02 9.713967301e-01 2.365538855e-01
-8.097936390e-03 -2.367603900e-01 9.715343232e-01
-3.327147661e-01 -1.474049635e-01 -1.614653408e-01
1.450233908e+03 -6.749410327e-02 -1.330401324e-01
9.910257014e-01 2.033797381e-02 1.321152000e-01
-3.154101667e-02 9.960280416e-01 8.326646708e-02
-1.298969727e-01 -8.668625666e-02 9.877308689e-01
1.797382480e-01 -1.319639181e-01 -1.487109863e-01
9.859540220e+02 -1.797654185e-02 4.320512978e-03
9.387704629e-01 -9.640594998e-02 -3.307807595e-01
-2.390373472e-02 9.395187486e-01 -3.416623075e-01
3.437130046e-01 3.286493781e-01 8.796879883e-01
-5.036382866e-01 1.938828280e-01 -2.524259828e+00
1.060786150e+03 -2.511679093e-01 2.857263488e-01
9.879644293e-01 -1.572313038e-02 -1.538800497e-01
3.624769129e-02 9.906532177e-01 1.315002170e-01
1.503741713e-01 -1.354953334e-01 9.793000680e-01
-2.481870512e-01 6.174419268e-02 2.009559206e-01
1.147956122e+03 5.797287380e-02 7.906812641e-02
9.544412397e-01 -1.283675857e-01 -2.693764706e-01
1.252879269e-01 9.917060963e-01 -2.866973854e-02
2.708225532e-01 -6.386038774e-03 9.626081047e-01
-5.191264302e-01 -3.323783619e-01 -7.318692828e-01
1.122043189e+03 -1.580351279e-01 8.951651497e-02
9.972621114e-01 -3.286721006e-02 6.624219009e-02
1.360584444e-02 9.620572372e-01 2.725082629e-01
-7.268536471e-02 -2.708608847e-01 9.598704178e-01
9.153646566e-02 1.531763672e-01 2.751122736e-01
1.122043419e+03 -1.580342994e-01 8.949231323e-02
9.972621047e-01 -3.286728197e-02 6.624225454e-02
1.360587115e-02 9.620571429e-01 2.725085945e-01
-7.268545096e-02 -2.708612110e-01 9.598703192e-01
9.153676828e-02 1.531768690e-01 2.751126427e-01
1.051167314e+03 1.978588733e-02 -8.509017202e-02
9.994209138e-01 6.941579313e-03 -3.331143096e-02
-1.072637817e-02 9.933281156e-01 -1.148224698e-01
3.229213166e-02 1.151132887e-01 9.928273510e-01
-8.498895874e-02 -2.629476996e-01 -8.992823083e-01
1.759946204e+03 -4.408807940e-02 6.997718268e-02
7.174227605e-01 -2.300078619e-01 -6.575720235e-01
3.742162031e-01 9.234116948e-01 8.528232630e-02
5.875940912e-01 -3.072575879e-01 7.485492360e-01
-1.499902995e+00 -1.654333044e-01 -1.810613762e-01
2.373370655e+03 1.269431645e-04 -1.409857359e-02
8.956960459e-01 2.014121218e-01 3.964363133e-01
-1.730224472e-01 9.791390113e-01 -1.065365168e-01
-4.096240057e-01 2.683195581e-02 9.118597590e-01
4.626275310e-01 2.180717458e-01 9.983542010e-01
2.344919669e+03 -3.662357545e-02 2.419907876e-03
8.991909041e-01 2.364067664e-01 3.681950010e-01
-3.441651187e-01 9.017531465e-01 2.615179416e-01
-2.701963897e-01 -3.618744306e-01 8.922111899e-01
4.465916073e-01 6.200914045e-01 8.830278297e-01
2.281898815e+03 7.037407486e-03 -4.395237617e-02
9.970873194e-01 4.071237497e-03 -7.615971667e-02
-1.111496260e-02 9.956698902e-01 -9.229261842e-02
7.545419157e-02 9.287031191e-02 9.928150735e-01
-1.346563067e-01 2.410849555e-01 1.131824807e+00
1.363860796e+03 -5.123383590e-02 -5.580539127e-03
9.597653676e-01 -8.517353144e-02 -2.675741182e-01
6.721590310e-03 9.595838508e-01 -2.813425910e-01
2.807227447e-01 2.682243516e-01 9.215478489e-01
5.414791289e-01 -2.671715976e-01 -5.794682314e+00
3.485454579e+03 1.239719631e-01 2.367110358e-03
9.752399835e-01 -7.069057781e-02 -2.095466934e-01
2.324658046e-02 9.750546970e-01 -2.207440472e-01
2.199240119e-01 2.104071769e-01 9.525556408e-01
-3.377901478e-01 -4.193962685e-01 -4.464876181e+00
4.196043692e+03 -1.376052249e-01 -9.093318396e-03
9.909549664e-01 -6.751477042e-02 -1.159741797e-01
4.751920434e-02 9.847682070e-01 -1.672528136e-01
1.254997204e-01 1.602290056e-01 9.790691937e-01
-1.977314334e-01 -7.808927280e-01 -5.239187671e+00
4.208945673e+03 -1.929046893e-01 -2.502092102e-02
9.222640853e-01 -1.326783642e-01 -3.630776895e-01
1.313432746e-01 9.909276829e-01 -2.848282689e-02
3.635627885e-01 -2.141912439e-02 9.313234239e-01
-5.835978161e-01 -4.707795020e-01 -1.655978029e+00
4.148819903e+03 -1.770234478e-02 4.345774476e-03
9.843418509e-01 -8.018405257e-02 -1.569765534e-01
5.686226943e-02 9.873820244e-01 -1.477951969e-01
1.668466449e-01 1.365549545e-01 9.764808966e-01
-2.793641331e-01 -7.293372957e-01 -4.256125458e+00
3.048512394e+03 -1.761351724e-01 -6.209924738e-03
9.781616699e-01 4.273474322e-02 2.034047425e-01
-2.002527800e-02 9.934587052e-01 -1.124223704e-01
-2.068785532e-01 1.058940170e-01 9.726190011e-01
3.056922944e-01 -3.509782256e-01 -1.467716496e+00
2.977278231e+03 -1.650149822e-01 8.597412916e-02
9.652049272e-01 4.756844937e-02 2.571316609e-01
-9.286830742e-03 9.889305347e-01 -1.480883262e-01
-2.613296830e-01 1.405476439e-01 9.549623849e-01
2.276577796e-01 -2.995476958e-01 -1.427204923e+00
2.964436958e+03 -8.487635219e-02 7.541233048e-02
7.291914756e-01 2.045639316e-01 6.530186749e-01
-6.298041690e-02 9.702852538e-01 -2.336236145e-01
-6.814053559e-01 1.292289598e-01 7.204072577e-01
-4.858328942e-01 -2.178312979e-01 -1.394467988e+00
2.992689141e+03 -1.864768901e-01 2.995183282e-01
9.677628569e-01 6.918167061e-02 2.421754513e-01
3.855912870e-03 9.573534662e-01 -2.888935316e-01
-2.518336449e-01 2.805142370e-01 9.262243671e-01
2.300952586e-01 -9.077436623e-02 -1.488088131e+00
2.972935078e+03 -1.866717883e-01 3.056462716e-01
9.921769816e-01 3.052248173e-02 1.210504660e-01
3.243601677e-03 9.630205744e-01 -2.694083376e-01
-1.247971004e-01 2.676933907e-01 9.553878439e-01
4.149339675e-01 -1.247548561e-01 -1.422795663e+00
3.011054052e+03 -1.295009810e-01 1.699361419e-01
9.641806900e-01 4.943545337e-02 2.605987969e-01
-1.068613729e-02 9.889205809e-01 -1.480604305e-01
-2.650309481e-01 1.399722135e-01 9.540264022e-01
2.923257652e-01 -2.109456373e-01 -8.958172961e-01
2.969675638e+03 -1.548065666e-01 2.889281902e-01
9.683453981e-01 2.870592169e-03 2.495975756e-01
2.605237161e-02 9.933104270e-01 -1.124974200e-01
-2.482508086e-01 1.154389678e-01 9.617927951e-01
3.150286682e-01 -2.263277617e-01 -8.559683154e-01
2.911432447e+03 -3.885781497e-02 -1.503838623e-01
9.211420926e-01 9.156690619e-02 3.783024543e-01
5.962869474e-02 9.272625707e-01 -3.696329852e-01
-3.846318552e-01 3.630421830e-01 8.486805697e-01
6.898772005e-02 -5.065438546e-02 -9.452726025e-01
3.019061515e+03 -1.361691373e-01 -2.405331915e-02
9.834958935e-01 1.359351196e-02 1.804190786e-01
-9.084961396e-03 9.996260428e-01 -2.579220767e-02
-1.807022163e-01 2.372742996e-02 9.832516047e-01
-5.834821761e-02 2.557425566e-01 9.093260646e-01
2.986428681e+03 -1.753140930e-01 2.492332655e-01
9.539598047e-01 -8.436833201e-02 -2.878240358e-01
2.540662120e-01 7.373203157e-01 6.259465728e-01
1.594084407e-01 -6.702542329e-01 7.248090869e-01
-4.904712270e-01 6.937770750e-01 4.195322443e-01
2.976720074e+03 -1.715978196e-01 3.282696953e-01
8.501483236e-01 -1.794759186e-01 -4.950113357e-01
8.407610081e-02 9.743236988e-01 -2.088648828e-01
5.197874922e-01 1.359475070e-01 8.434092946e-01
-6.753261168e-01 6.591041484e-02 6.694151189e-01
2.957556673e+03 -1.816183244e-01 2.606025357e-01
7.773301635e-01 -2.168993948e-01 -5.905188138e-01
2.698782336e-01 9.628931612e-01 1.580893843e-03
5.682636324e-01 -1.605970508e-01 8.070223240e-01
-7.523246361e-01 2.059865541e-01 5.474214653e-01
5.819472748e+03 1.420106593e-01 3.300273018e-02
9.998356532e-01 -1.312404441e-02 -1.250703690e-02
9.641639858e-03 9.691685765e-01 -2.462098883e-01
1.535269665e-02 2.460488361e-01 9.691358341e-01
-5.145917375e-02 -4.161965199e-02 1.495884024e-01
2.483404242e+03 -2.000092468e-03 -1.143763712e-03
9.578033371e-01 -8.413516522e-02 -2.748345710e-01
2.016087354e-01 8.781767512e-01 4.337735716e-01
2.048577196e-01 -4.708788247e-01 8.580830071e-01
-1.325059245e+00 8.620655763e-01 6.183286875e-01
2.298228538e+03 -1.852633083e-01 1.176784732e-01
9.961909794e-01 1.971083567e-05 8.719823453e-02
2.773432626e-03 9.994868714e-01 -3.191084430e-02
-8.715411961e-02 3.203113367e-02 9.956797507e-01
8.276480720e-02 -1.863012132e-01 -4.305715597e-01
1.058855290e+04 4.652602436e-02 4.982899443e-04
9.969827789e-01 7.721635332e-03 7.723804045e-02
-3.624449331e-03 9.985854714e-01 -5.304639099e-02
-7.753838992e-02 5.260639293e-02 9.956005050e-01
7.847183360e-02 -1.785890727e-01 -4.188774874e-01
2.576578512e+03 5.053634716e-03 -1.368019474e-02
9.920979466e-01 -5.072941198e-02 -1.147527386e-01
1.719661406e-02 9.609623005e-01 -2.761444070e-01
1.242816990e-01 2.719889406e-01 9.542410992e-01
-5.218690652e-01 -3.078578788e-01 -5.828295521e+00
2.983472003e+03 -1.691905523e-01 9.693867965e-02
9.713766068e-01 6.664002236e-02 2.280056911e-01
-3.555886353e-02 9.898206840e-01 -1.378063160e-01
-2.348681651e-01 1.257542084e-01 9.638583008e-01
3.092319073e-01 -2.396541277e-01 -1.023091110e+00
8.478072864e+02 -1.105395099e-01 6.875429013e-02
8.469451059e-01 3.396658236e-01 4.090368148e-01
-3.831137101e-01 9.233198145e-01 2.654063445e-02
-3.686568495e-01 -1.791860721e-01 9.121318320e-01
2.573554641e-01 -2.933394970e-01 -3.170841367e-01
8.603652803e+02 -8.292165629e-02 -5.814754493e-03
9.889564588e-01 -1.580386137e-02 -1.473613267e-01
-1.903571552e-03 9.928618138e-01 -1.192551684e-01
1.481941263e-01 1.182186819e-01 9.818670196e-01
-2.434444685e-01 -3.503103843e-01 -1.444880364e+00
8.567286088e+02 -1.327586975e-01 1.039157849e-01
9.367081616e-01 -2.927463305e-02 -3.488851040e-01
1.436887403e-01 9.408527137e-01 3.068382587e-01
3.192669194e-01 -3.375487623e-01 8.855108510e-01
-6.233162841e-01 1.496906753e-01 1.717533815e-01
3.077745772e+03 -1.556804764e-01 3.875929002e-02
9.986879665e-01 5.841920512e-03 5.087452664e-02
-4.292947729e-03 9.995254518e-01 -3.050314378e-02
-5.102858117e-02 3.024472095e-02 9.982391200e-01
-3.114478670e-02 -2.812864248e-01 -7.277480812e-01
1.100940355e+03 -9.129876721e-02 4.259275718e-04
9.932633440e-01 -4.832971540e-02 -1.053193627e-01
3.646160811e-02 9.930578232e-01 -1.118334072e-01
1.099930938e-01 1.072399107e-01 9.881301133e-01
-1.946961727e-01 -5.426933520e-01 -2.223364647e+00
6.985117204e+02 -1.215344759e-01 -1.155774496e-02
9.995576168e-01 2.157104708e-02 2.047585549e-02
-2.043776875e-02 9.983301631e-01 -5.402946525e-02
-2.160713629e-02 5.358708272e-02 9.983293826e-01
-4.271188663e-03 -3.074851108e-01 -9.718685161e-01
2.152465442e+03 -1.210245793e-01 -1.403568404e-02
9.612513645e-01 -9.749495879e-02 -2.578576104e-01
1.813774244e-02 9.557141132e-01 -2.937372230e-01
2.750760559e-01 2.776783515e-01 9.204498338e-01
3.510238942e-01 -2.040105244e-01 -5.819895809e+00
2.092941530e+03 -1.290317065e-01 1.226046087e-01
9.047064477e-01 -1.155026936e-01 -4.100797132e-01
1.934504307e-02 9.726926757e-01 -2.312892733e-01
4.255960676e-01 2.013158871e-01 8.822357400e-01
-6.081292350e-01 -3.647151021e-02 -7.542986358e-02
1.243701593e+03 -7.109351081e-02 9.729260234e-02
9.752210453e-01 4.735909819e-02 2.161042078e-01
-1.776610235e-02 9.904285735e-01 -1.368780713e-01
-2.205182043e-01 1.296470463e-01 9.667281753e-01
3.028151374e-01 -2.347279399e-01 -8.865155900e-01
1.088468087e+03 -2.078852621e-01 -1.079575173e-02
9.945155380e-01 3.382938606e-02 9.896674812e-02
-2.250491150e-02 9.932964679e-01 -1.133827849e-01
-1.021389913e-01 1.105337034e-01 9.886100985e-01
7.563280411e-02 -3.515071291e-01 -1.177683109e+00
6.591167188e+02 -1.157452740e-01 -1.734854435e-02
9.216556880e-01 -1.242344784e-01 -3.675820822e-01
1.007696360e-01 9.914886337e-01 -8.243645835e-02
3.746949068e-01 3.893691811e-02 9.263302020e-01
-7.850147237e-01 -3.416644458e-02 2.621272254e-02
1.393245498e+03 -7.850468890e-02 2.019273961e-02
9.772396038e-01 -7.018024097e-02 -2.001936327e-01
5.861826356e-02 9.962832626e-01 -6.311544789e-02
2.038790229e-01 4.994391217e-02 9.777213047e-01
-4.552466996e-01 -2.918749540e-01 -8.746608902e-01
2.516337691e+03 -3.423034896e-02 1.874241409e-02
9.997481384e-01 -2.099541036e-02 -7.927956969e-03
1.741163194e-02 9.485156091e-01 -3.162514417e-01
1.415961973e-02 3.160337515e-01 9.486422788e-01
4.495476170e-01 -6.466032523e-02 -7.970212312e-01
2.471911898e+03 -4.556959865e-02 5.454199153e-02
9.743649635e-01 4.565116642e-02 2.202927344e-01
-2.939801179e-02 9.966358165e-01 -7.650363447e-02
-2.230441094e-01 6.806629261e-02 9.724290746e-01
3.092804149e-01 -6.460500737e-02 -4.085965342e-02
1.138768705e+04 4.763277340e-01 -2.525785277e-01
9.721820090e-01 4.048578704e-02 2.307011972e-01
-4.808285874e-02 9.984674248e-01 2.740146458e-02
-2.292382604e-01 -3.773198396e-02 9.726387394e-01
3.085660866e-01 -6.691286592e-02 -3.818132107e-02
2.406656776e+03 -4.497380162e-02 3.867356277e-02
9.751175668e-01 3.923423032e-02 2.181889227e-01
-1.717609982e-03 9.855221405e-01 -1.695380797e-01
-2.216817102e-01 1.649447963e-01 9.610673408e-01
3.204545329e-01 -5.914678744e-02 -2.452977145e-02
2.463786958e+03 -4.838551518e-02 4.716350496e-02
9.876134412e-01 4.639370851e-02 1.498910089e-01
2.976400922e-03 9.495767329e-01 -3.135206044e-01
-1.568783981e-01 3.100832988e-01 9.376766586e-01
3.250946731e-01 -5.598020482e-02 -4.911008131e-02
9.652277864e+02 -3.881256939e-02 3.111147628e-02
9.646756906e-01 1.033532759e-01 2.423198555e-01
-1.475273982e-02 9.395788107e-01 -3.420146417e-01
-2.630269352e-01 3.263583288e-01 9.079135821e-01
2.180612888e-01 -5.537716856e-02 3.211519784e-01
2.426149350e+03 -7.024808795e-02 8.252664358e-02
9.849873185e-01 2.312297185e-02 1.710710687e-01
-4.263671526e-02 9.928729576e-01 1.112897145e-01
-1.672784890e-01 -1.169128659e-01 9.789531597e-01
2.035456404e-01 4.271915475e-01 9.778286955e-01
2.421194717e+03 -3.605493597e-02 9.630543642e-03
9.659922603e-01 7.617593894e-02 2.470954862e-01
-3.672141957e-02 9.863494461e-01 -1.605188695e-01
-2.559501715e-01 1.459862885e-01 9.556032196e-01
2.345432402e-01 -2.013705567e-01 -7.724211630e-01
2.462690672e+03 -3.800669832e-02 2.675013864e-02
9.732254224e-01 6.443837665e-02 2.206353841e-01
-1.707768628e-02 9.775173887e-01 -2.101620981e-01
-2.292174289e-01 2.007671548e-01 9.524452319e-01
2.596002246e-01 -1.632161341e-01 -8.111995234e-01
2.506783498e+03 -6.267264481e-02 5.734533399e-02
9.889685121e-01 4.058184975e-02 1.424583995e-01
-5.612691335e-03 9.713144950e-01 -2.377323065e-01
-1.480195251e-01 2.343101904e-01 9.608272243e-01
3.177525462e-01 -1.370678867e-01 -8.443092529e-01
1.147226312e+04 6.335713571e-01 -9.173697133e-02
9.662365606e-01 6.976802177e-02 2.480309096e-01
-5.511338397e-03 9.680177275e-01 -2.508212598e-01
-2.575976206e-01 2.409856891e-01 9.357186348e-01
3.079111008e-01 -5.900881069e-02 -6.418301856e-02
2.448365900e+03 -5.053939974e-02 5.915830598e-02
9.808245925e-01 4.461344262e-02 1.897175780e-01
-2.497540113e-02 9.941932642e-01 -1.046708308e-01
-1.932856643e-01 9.792545237e-02 9.762434419e-01
3.194288660e-01 -6.523002104e-02 -3.882037524e-02
2.417536461e+03 -5.373067148e-02 5.802540565e-02
9.798185444e-01 4.317802280e-02 1.951698708e-01
-2.070604321e-02 9.930628843e-01 -1.157469985e-01
-1.988136813e-01 1.093698598e-01 9.739154757e-01
3.164170790e-01 -6.385987865e-02 -2.362158126e-02
3.862984634e+04 1.365212887e-03 2.541256518e-05
9.855289371e-01 1.023638584e-02 1.691979037e-01
-1.325930431e-03 9.986099196e-01 -5.269222276e-02
-1.695020829e-01 5.170536564e-02 9.841725454e-01
1.959536008e-01 2.606103592e-01 7.808510918e-01
2.519123582e+03 -4.707547789e-02 5.749711767e-02
9.968274597e-01 -4.274852796e-02 -6.713850551e-02
3.913583128e-02 9.977610595e-01 -5.423333808e-02
6.930658176e-02 5.143375941e-02 9.962686215e-01
-1.082667501e-01 -6.521398194e-02 -5.449500243e-02
2.509621450e+03 -4.699357275e-02 4.920859915e-02
9.984943779e-01 -1.152455648e-02 -5.362986099e-02
7.633273568e-03 9.973605841e-01 -7.220525228e-02
5.432044299e-02 7.168716705e-02 9.959469060e-01
-1.065732895e-01 -4.724102879e-02 3.429171579e-03
2.482459621e+03 -6.011244014e-02 7.646922007e-02
9.997858109e-01 -1.642218063e-02 -1.259540640e-02
1.739143013e-02 9.965497147e-01 8.115543235e-02
1.121919948e-02 -8.135710187e-02 9.966218699e-01
-1.013503379e-01 -3.130248499e-02 6.323464064e-02
2.467986603e+03 -4.714131878e-02 4.112791431e-02
9.998775154e-01 4.518983676e-03 -1.498442435e-02
-1.238551607e-02 8.137815349e-01 -5.810389079e-01
9.568342512e-03 5.811533294e-01 8.137378291e-01
-9.976302427e-02 -7.947172506e-02 9.403313003e-02
3.402850342e+03 -1.547418699e-04 -1.972780813e-04
9.274963847e-01 -3.137354797e-01 2.032744578e-01
3.420411085e-01 9.316302321e-01 -1.227721087e-01
-1.508586639e-01 1.833989079e-01 9.713941034e-01
3.304585083e-01 -5.048105152e-01 6.306272172e-01
3.723316933e+03 -2.403919600e-02 1.823349718e-02
9.934875036e-01 -5.149312840e-02 -1.016417138e-01
3.706733369e-02 9.895940398e-01 -1.390311085e-01
1.077431808e-01 1.343580816e-01 9.850580251e-01
-1.596905198e-01 -4.152374331e-01 -1.815028650e+00
2.490259659e+03 -5.045897361e-02 4.930481134e-02
9.999819858e-01 1.709472750e-03 5.753756820e-03
-3.688888592e-04 9.742774272e-01 -2.253516337e-01
-5.990987868e-03 2.253454516e-01 9.742605070e-01
-4.004555910e-02 -1.385626909e-01 -8.185162976e-01
2.178502647e+03 1.716602101e-02 -7.629320519e-03
9.996209910e-01 -2.033469482e-02 -1.855733328e-02
1.390185195e-02 9.546890689e-01 -2.972802048e-01
2.376158547e-02 2.969095516e-01 9.546099231e-01
-9.771174327e-02 -7.134870642e-03 2.105246478e-01
2.506478698e+03 -2.518761756e-01 4.113552657e-01
9.902235412e-01 -6.638197182e-02 -1.226815892e-01
5.427902571e-02 9.935567653e-01 -9.949241955e-02
1.284956259e-01 9.186069887e-02 9.874464472e-01
-7.309523914e-01 1.147301086e-01 7.117743475e-01
2.235896546e+03 -6.870645180e-02 3.302295414e-02
9.987524955e-01 4.207702180e-02 -2.688822964e-02
-4.658803663e-02 9.789985915e-01 -1.984724484e-01
1.797240941e-02 1.994775229e-01 9.797375722e-01
-3.577404759e-01 -2.610014390e-01 -1.808363920e+00
3.672054108e+03 -4.185628180e-02 -9.738527729e-02
9.956303725e-01 -8.740159802e-02 -3.288042067e-02
7.654715899e-02 9.655479489e-01 -2.487120639e-01
5.348545457e-02 2.451083820e-01 9.680192081e-01
-2.520131014e-01 -2.305706806e-01 -1.785576008e+00
3.873597826e+03 -4.981802321e-02 -1.017359225e-01
9.852792947e-01 -1.407226416e-01 -9.706621242e-02
1.118141006e-01 9.599837051e-01 -2.567662221e-01
1.293148033e-01 2.421330710e-01 9.615868435e-01
-1.175975672e-01 -2.062668095e-01 -1.969174407e+00
2.483670992e+03 -6.397405518e-02 -4.740714609e-02
9.943931955e-01 -2.778714025e-02 -1.020296411e-01
-4.249264803e-03 9.535783650e-01 -3.011150038e-01
1.056603832e-01 2.998602618e-01 9.481137626e-01
-1.950331775e-01 -4.517724327e-02 -2.209910425e+00
2.318697773e+03 -8.892011332e-02 4.227124506e-02
9.964377197e-01 -3.309399005e-02 -7.756712270e-02
1.512238287e-02 9.749938616e-01 -2.217166738e-01
8.296495789e-02 2.197538572e-01 9.720211201e-01
-2.217403585e-01 -2.405288729e-01 -1.952192741e+00
2.125918317e+03 -2.075329036e-01 6.659122511e-02
9.997975658e-01 -1.714584499e-02 -1.052841378e-02
1.539916717e-02 9.888593133e-01 -1.480544633e-01
1.294963890e-02 1.478623632e-01 9.889231661e-01
-9.539264030e-02 -7.635078041e-02 1.880353873e-01
2.924006914e+03 -1.485697272e-01 1.487272970e-01
9.918399430e-01 -5.104629999e-02 -1.168238106e-01
1.456439068e-02 9.557108796e-01 -2.939465821e-01
1.266546722e-01 2.898464936e-01 9.486556826e-01
-2.156449293e-01 -1.001063964e-01 -1.542892185e+00
1.072110479e+04 5.314648528e-01 1.548289953e-02
9.491498659e-01 -8.616212045e-02 -3.028045923e-01
1.612050763e-02 9.738594853e-01 -2.265785341e-01
3.144116113e-01 2.101756215e-01 9.257275770e-01
-4.757193552e-01 -1.938933360e-02 1.805761070e-01
1.692584048e+03 -7.381717017e-02 7.130971009e-02
9.458586422e-01 -6.985859152e-02 -3.169719328e-01
3.054599203e-02 9.913880179e-01 -1.273449661e-01
3.231383161e-01 1.107681146e-01 9.398468245e-01
-5.143139824e-01 9.369712904e-02 5.643576695e-01
1.680506659e+03 -4.917826968e-02 -6.661453019e-03
9.561626907e-01 -6.347696820e-02 -2.858733695e-01
6.570269575e-02 9.978376031e-01 -1.809330619e-03
2.853700486e-01 -1.705263659e-02 9.582656954e-01
-4.481753620e-01 3.411249636e-01 1.055678815e+00
1.683110681e+03 -8.308832646e-02 4.935925772e-02
9.711216117e-01 2.126983306e-03 -2.385755461e-01
9.615263631e-02 9.116692185e-01 3.995170918e-01
2.183517478e-01 -4.109193498e-01 8.851371657e-01
-3.724426528e-01 7.644075806e-01 8.404623683e-01
1.936491918e+03 -2.481728590e-01 6.261664020e-01
9.802725628e-01 5.230418230e-02 -1.906042369e-01
4.472983094e-02 8.806245348e-01 4.716987077e-01
1.925225826e-01 -4.709189964e-01 8.609125124e-01
-4.156795576e-01 4.769640595e-01 4.406717071e-01
1.191442338e+03 -6.091527283e-02 -1.637858223e-01
9.627192801e-01 5.053762798e-02 2.657396015e-01
7.060361636e-03 9.773632121e-01 -2.114504739e-01
-2.704103159e-01 2.054436658e-01 9.405695941e-01
1.647788695e-01 -7.284804086e-02 -2.407639298e-01
6.871346064e+02 -2.109742831e-02 -1.260625059e-02
9.976469726e-01 2.820029750e-02 6.249208996e-02
-5.346220809e-02 8.906246076e-01 4.515856515e-01
-4.292214338e-02 -4.538640232e-01 8.900365937e-01
1.069643906e-01 6.245215428e-01 6.645285769e-01
6.800650352e+02 -2.861711113e-02 -5.167307975e-02
9.970366891e-01 -7.174830998e-04 7.692415569e-02
4.101587186e-03 9.990299795e-01 -4.384378030e-02
-7.681808050e-02 4.402936868e-02 9.960724859e-01
1.109491502e-01 2.173992023e-01 8.883945485e-01
6.675573382e+02 -4.709297977e-02 8.313339051e-03
8.929729949e-01 5.107720654e-02 4.472028057e-01
-2.717373242e-01 8.532278597e-01 4.451528345e-01
-3.588287295e-01 -5.190311536e-01 7.757890206e-01
4.571316203e-01 6.039969238e-01 5.497768075e-01
1.279678557e+03 2.255726736e-02 -1.413342654e-02
9.983555532e-01 -5.168511284e-02 -2.479593803e-02
3.989079484e-02 9.370129303e-01 -3.470093557e-01
4.116933226e-02 3.454495876e-01 9.375338226e-01
-1.181135694e+00 -2.318986208e-01 1.807893871e+00
1.014746017e+03 -1.341134777e-01 -2.895099489e-02
9.999397918e-01 1.056832533e-02 2.953529007e-03
-1.024154874e-02 9.954617809e-01 -9.460947885e-02
-3.939988998e-03 9.457353388e-02 9.955100819e-01
-4.778816091e-02 -2.672548623e-01 -8.667097832e-01
1.005621265e+03 -1.371008378e-01 1.119006076e-01
9.971217601e-01 3.785712914e-02 -6.568891367e-02
-1.822459767e-02 9.606923250e-01 2.770164628e-01
7.359388321e-02 -2.750219889e-01 9.586171530e-01
-1.424132703e-01 4.212392214e-01 6.679987065e-01
1.000804256e+03 -1.315781472e-01 8.229648594e-02
9.881106181e-01 -9.416758648e-03 1.534559581e-01
-7.103983412e-02 8.572169495e-01 5.100318064e-01
-1.363478947e-01 -5.148693293e-01 8.463562048e-01
1.786596809e-01 8.951354729e-01 7.990429598e-01
1.000054316e+03 -1.339651839e-01 1.202461800e-01
9.939584973e-01 -1.631491879e-02 1.085372246e-01
-8.537632779e-02 5.065149131e-01 8.579938960e-01
-6.897382358e-02 -8.620768332e-01 5.020618940e-01
1.221483466e-01 1.178050195e+00 2.789046805e-01
1.008304880e+03 -1.219057862e-01 -2.424129277e-03
9.898687880e-01 -6.388166454e-02 -1.268026637e-01
5.201351103e-02 9.941368341e-01 -9.479741409e-02
1.321150152e-01 8.724154965e-02 9.873877327e-01
-1.778116764e-01 -1.139346774e+00 -5.099310948e+00
5.431196306e+03 -1.229438919e-01 1.310130607e-01
9.965950378e-01 -3.190564459e-02 -7.602868168e-02
2.057009219e-02 9.891497374e-01 -1.454636320e-01
7.984486146e-02 1.434044168e-01 9.864380220e-01
-1.225339185e-01 -4.097061178e-01 -2.020906857e+00
2.235954069e+03 -1.630212233e-01 1.049174501e-01
8.506603838e-01 -5.203204491e-01 7.512350923e-02
5.119659057e-01 8.523781847e-01 1.065004301e-01
-1.194479920e-01 -5.213502129e-02 9.914706838e-01
-7.052512197e-02 -3.159047254e-01 -4.978110476e-01
2.415018687e+03 -1.456764380e-01 1.398347418e-01
9.944536559e-01 2.304934508e-02 1.026189743e-01
-5.597501217e-02 9.420214964e-01 3.308508703e-01
-8.904338384e-02 -3.347599559e-01 9.380869084e-01
1.281841644e-01 9.893646547e-02 2.191391658e-01
2.602314612e+03 -1.841477013e-01 1.956197085e-01
9.844762720e-01 9.562479553e-02 1.471814127e-01
-8.460989610e-02 9.932475187e-01 -7.937589119e-02
-1.537778763e-01 6.569067742e-02 9.859194184e-01
4.512174986e-01 -2.950166507e-01 -9.292902727e-01
3.634355016e+03 -1.024537276e-01 2.273242231e-01
9.626079542e-01 1.143307175e-01 2.455899297e-01
-9.473672758e-02 9.914069026e-01 -9.020701708e-02
-2.537929845e-01 6.356760590e-02 9.651674883e-01
3.453570209e-01 -2.957771113e-01 -9.380437928e-01
2.483092425e+03 -1.703806896e-01 1.790237658e-01
9.854426061e-01 3.220002423e-02 1.669312087e-01
-3.551417425e-03 9.855842252e-01 -1.691482264e-01
-1.699713430e-01 1.660930267e-01 9.713510432e-01
2.439710881e-01 -2.006843645e-01 -8.365869799e-01
2.552719701e+03 -1.753009971e-01 1.857794503e-01
9.864771086e-01 8.830838506e-02 1.380744121e-01
-1.089672526e-01 9.826564378e-01 1.500415379e-01
-1.224297840e-01 -1.630581318e-01 9.789908037e-01
1.555080274e-01 1.666677070e-01 4.053325007e-01
7.247303544e+03 1.696807460e-01 -2.003843797e-01
8.811727649e-01 7.104767346e-02 4.674257015e-01
-2.671731686e-01 8.904854206e-01 3.683126575e-01
-3.900680150e-01 -4.494306885e-01 8.036535323e-01
3.028101671e-01 2.687784396e-01 3.073474406e-01
2.660184236e+03 -1.592131031e-01 1.448074072e-01
9.939314142e-01 5.866491854e-02 9.305251874e-02
-9.111609514e-02 9.130041654e-01 3.976446292e-01
-6.162954744e-02 -4.037100708e-01 9.128088396e-01
1.247033762e-01 3.079291565e-01 3.937982097e-01
2.539669493e+03 -1.628507595e-01 1.704404697e-01
9.945844202e-01 5.775353252e-02 8.640810476e-02
-3.402526667e-02 9.665117775e-01 -2.543565711e-01
-9.820444142e-02 2.500390240e-01 9.632426351e-01
3.081778890e-01 -1.335107658e-01 -8.464771115e-01
2.573930515e+03 -1.667306280e-01 1.065757526e-01
9.953555155e-01 5.305400803e-02 8.032851348e-02
-5.154379578e-02 9.984549324e-01 -2.076018224e-02
-8.130581136e-02 1.652332540e-02 9.965522288e-01
3.317536713e-01 -3.220918823e-01 -8.315888297e-01
1.055149199e+03 -1.382914554e-01 8.735555777e-02
9.990066452e-01 2.044007546e-02 3.959704796e-02
-3.166126456e-02 9.508762222e-01 3.079480060e-01
-3.135741089e-02 -3.088957970e-01 9.505788233e-01
2.549414784e-02 1.924117322e-01 2.940186782e-01
1.029018939e+03 -1.274960312e-01 9.801699291e-02
9.515447883e-01 -9.761729695e-02 -2.916048339e-01
1.147330629e-01 9.925021574e-01 4.214014600e-02
2.853048196e-01 -7.355495206e-02 9.556101867e-01
-7.681082109e-01 -1.874995077e-01 -3.677157656e-01
1.066360767e+03 -1.024421052e-01 -1.096308248e-02
3.396765929e-01 3.008090805e-01 8.911418009e-01
-4.045922744e-01 9.020652172e-01 -1.502778606e-01
-8.490729673e-01 -3.095032163e-01 4.281154696e-01
1.117110341e+00 -2.225405512e-01 -3.660951518e-01
2.382120837e+03 -1.634213331e-01 1.680053830e-01
9.999123741e-01 2.415376331e-05 -1.323795701e-02
-1.337793296e-03 9.950633305e-01 -9.923295157e-02
1.317020874e-02 9.924196584e-02 9.949761695e-01
-1.116200886e-01 -2.617948691e-01 -8.627861324e-01
2.362217865e+03 -1.399360179e-01 1.081268766e-01
9.462171574e-01 4.305920683e-02 3.206540125e-01
-2.339831660e-01 7.755561516e-01 5.863143642e-01
-2.234389605e-01 -6.298083521e-01 7.439196667e-01
5.077455498e-01 7.568649997e-01 5.049652899e-01
1.824522264e+03 3.415008025e-02 4.020517397e-03
-6.500616802e-02 9.893315804e-01 -1.303733949e-01
-9.550712746e-01 -9.954248625e-02 -2.791597282e-01
-2.891592270e-01 1.063687803e-01 9.513530491e-01
-3.835719079e-01 -3.627304814e-01 -1.506917828e+00
2.616917302e+03 1.732736232e-01 -4.514934355e-02
7.617984665e-01 2.421249745e-01 6.008648709e-01
-5.555148478e-01 7.213236068e-01 4.136369279e-01
-3.332661852e-01 -6.488973347e-01 6.840072359e-01
7.482463185e-01 2.389215352e-01 2.472169683e-01
2.647706775e+03 1.783312806e-01 1.319496146e-01
9.921961354e-01 3.246130870e-02 1.203872596e-01
-4.016117395e-02 9.972619556e-01 6.209405729e-02
-1.180419795e-01 -6.644437735e-02 9.907831427e-01
1.418134527e-01 -2.238646874e-02 7.420344410e-02
3.086412502e+03 -3.950310075e-02 -8.719220717e-02
9.958525532e-01 -1.413984581e-02 -8.987634320e-02
-1.462123562e-02 9.501376223e-01 -3.114879101e-01
8.979928605e-02 3.115101337e-01 9.459902351e-01
-2.831969657e-01 -6.273679960e-02 -1.281689641e+00
2.364177768e+03 -8.576883849e-02 5.775024343e-03
9.926826049e-01 -4.108184400e-02 -1.135496722e-01
1.266125849e-02 9.705758560e-01 -2.404624718e-01
1.200872121e-01 2.372652311e-01 9.639939168e-01
-2.391910305e-01 -1.676956383e-01 -1.300545481e+00
2.885868242e+03 -3.186807189e-02 2.612035691e-03
9.903201516e-01 -4.775416598e-02 -1.303285729e-01
1.245281443e-02 9.657343278e-01 -2.592337471e-01
1.382422681e-01 2.551014462e-01 9.569808397e-01
-3.323603067e-01 -4.041960699e-01 -5.802244069e+00
6.580760481e+03 -3.194051431e-02 -1.194918744e-01
9.957630429e-01 2.577757239e-02 8.826935531e-02
-2.373714530e-02 9.994279882e-01 -2.408826105e-02
-8.883980109e-02 2.189093761e-02 9.958053407e-01
1.126844311e-01 -3.182862932e-01 -7.793394815e-01
2.704195517e+03 -1.354405643e-01 1.429101109e-01
9.934113444e-01 3.328704992e-02 1.096625424e-01
-2.586246916e-02 9.973196734e-01 -6.844414999e-02
-1.116469149e-01 6.515705093e-02 9.916095628e-01
1.275644463e-01 -2.873613580e-01 -8.606139763e-01
1.949648820e+04 1.142830083e+00 1.080533554e-02
9.934071865e-01 3.471394035e-02 1.092570552e-01
-1.456502338e-02 9.835462149e-01 -1.800686071e-01
-1.137102540e-01 1.772901168e-01 9.775674875e-01
1.244591102e-01 -1.839804809e-01 -8.809355418e-01
1.910362275e+04 8.098927173e-01 1.264396218e-02
9.930213551e-01 3.767015367e-02 1.117566460e-01
-7.087503675e-03 9.649639286e-01 -2.622868350e-01
-1.177215175e-01 2.596643527e-01 9.584967753e-01
1.219568021e-01 -1.079198385e-01 -8.355387976e-01
3.099432456e+03 -1.208789967e-01 1.007419621e-01
9.262597101e-01 -1.208935465e-01 -3.569701667e-01
5.545293844e-02 9.805648700e-01 -1.881953965e-01
3.727840140e-01 1.545227687e-01 9.149616346e-01
-5.619559413e-01 -2.892927951e-01 -1.825355557e+00
2.323066999e+03 3.964004998e-02 2.060558746e-02
6.785400009e-01 -2.377787210e-01 -6.950142063e-01
1.230174227e-01 9.695808432e-01 -2.116121502e-01
7.241893266e-01 5.808845221e-02 6.871503117e-01
-1.059332431e+00 -4.659830429e-01 -1.645532930e+00
2.801423791e+03 -1.283465054e-01 8.567038912e-02
9.932890964e-01 3.081092643e-02 1.114785085e-01
-2.481076055e-02 9.981881561e-01 -5.481634087e-02
-1.129654691e-01 5.168260711e-02 9.922538541e-01
1.342617787e-01 -3.007999190e-01 -8.758354065e-01
4.262924115e+03 -8.764085863e-02 2.341258354e-01
9.946069975e-01 2.829312480e-02 9.978186001e-02
-1.886544794e-02 9.953753630e-01 -9.419119700e-02
-1.019853684e-01 9.180079415e-02 9.905410637e-01
1.122337197e-01 -2.718437342e-01 -8.909952505e-01
1.918212245e+04 7.925632930e-01 8.513500154e-03
9.935197678e-01 2.996792560e-02 1.096375589e-01
-1.893528623e-02 9.947750951e-01 -1.003193154e-01
-1.120710749e-01 9.759320443e-02 9.888961728e-01
1.268059309e-01 -2.550038285e-01 -8.463970793e-01
2.539727909e+03 -1.088117762e-01 3.770954726e-02
9.937752684e-01 2.549130469e-02 1.084477263e-01
-1.487533388e-02 9.951149629e-01 -9.759577414e-02
-1.104057987e-01 9.537507050e-02 9.892998310e-01
1.373998607e-01 -2.386688710e-01 -6.682602732e-01
2.607299823e+03 -1.153146236e-01 3.242564718e-02
9.946484429e-01 2.702556599e-02 9.972007751e-02
-3.583451355e-02 9.955082610e-01 8.763098782e-02
-9.690388390e-02 -9.073544605e-02 9.911491896e-01
1.430799951e-01 -3.729035430e-01 -7.064044232e-01
2.714691925e+03 -1.370756143e-01 1.548125432e-01
9.931224725e-01 2.865608172e-02 1.135190891e-01
-2.110241487e-02 9.975168389e-01 -6.719259002e-02
-1.151626793e-01 6.433494422e-02 9.912611020e-01
1.356184346e-01 -3.039617037e-01 -8.125011772e-01
1.564241899e+04 4.624430440e-01 4.054840239e-02
9.932043582e-01 3.539157547e-02 1.108717243e-01
-2.445490802e-02 9.948371758e-01 -9.849340606e-02
-1.137851499e-01 9.511272233e-02 9.889421165e-01
1.235904565e-01 -2.579861720e-01 -8.677565380e-01
1.925132133e+04 8.228930036e-01 8.772038883e-03
9.960489842e-01 -3.960105601e-02 -7.948696364e-02
4.286828698e-02 9.982866008e-01 3.982678376e-02
7.777358804e-02 -4.307689748e-02 9.960399841e-01
3.046873445e-01 -3.620459661e-01 -7.713415578e-01
2.540221050e+03 -1.087613097e-01 2.568922179e-02
9.937604902e-01 2.559494768e-02 1.085586792e-01
-1.506908713e-02 9.952000265e-01 -9.669451827e-02
-1.105124916e-01 9.445531167e-02 9.893761586e-01
1.374398824e-01 -2.395180726e-01 -6.693119044e-01
2.650958976e+03 -1.480928002e-01 1.105254627e-01
9.282443961e-01 -1.116160970e-01 -3.548298014e-01
3.228434032e-02 9.744933138e-01 -2.220821981e-01
3.705672172e-01 1.946911098e-01 9.081714097e-01
-5.732382017e-01 -2.149361941e-01 -1.819551778e+00
2.684606883e+03 5.482827281e-02 1.386943532e-02
7.331629050e-01 -2.313525135e-01 -6.394905545e-01
1.710108757e-01 9.728574589e-01 -1.558962636e-01
6.582001482e-01 4.937517795e-03 7.528267967e-01
-1.027266984e+00 -5.707997682e-01 -1.800784605e+00
2.745363100e+03 -1.220851250e-01 -1.542782399e-02
9.280537992e-01 -1.317071061e-01 -3.483810902e-01
5.950054721e-02 9.758023853e-01 -2.104029222e-01
3.676626588e-01 1.745363658e-01 9.134337559e-01
-7.755489553e-01 -3.245344232e-01 -2.030525505e+00
2.357269337e+03 -1.506772026e-01 8.324552121e-02
9.420771646e-01 -1.078342612e-01 -3.175883941e-01
5.348272552e-02 9.830879724e-01 -1.751503259e-01
3.311045364e-01 1.480196295e-01 9.319119997e-01
-4.493200871e-02 -2.341290881e-01 -1.129201885e+00
2.361246272e+03 -1.472708557e-01 3.087173366e-02
8.586854789e-01 -1.540027733e-01 -4.888173423e-01
-4.973380938e-03 9.512356553e-01 -3.084250209e-01
5.124787935e-01 2.672711616e-01 8.160463298e-01
-3.680575476e-01 -7.008466358e-02 -2.126826299e+00
1.521935182e+03 3.907159579e-02 1.098980062e-02
9.752552563e-01 8.060849577e-02 2.058627103e-01
-1.101024176e-01 9.845605098e-01 1.360810793e-01
-1.917150039e-01 -1.553797700e-01 9.690730026e-01
1.197842768e-01 -1.313440657e-01 -1.611460744e-01
8.237970238e+02 -9.953537544e-02 4.257474874e-02
9.944423143e-01 2.986126788e-02 1.009593397e-01
-2.757541777e-02 9.993324902e-01 -2.396185369e-02
-1.016074797e-01 2.104468526e-02 9.946019512e-01
9.629366803e-02 -1.569762909e-01 -2.237396801e-01
1.146003477e+03 -1.640379435e-01 1.362118241e-01
9.993630702e-01 -1.095577656e-02 -3.396210849e-02
1.913191057e-02 9.678624914e-01 2.507512068e-01
3.012347674e-02 -2.512412559e-01 9.674556359e-01
-2.610496340e-02 1.931521063e-01 3.535254895e-01
4.493814221e+03 -1.488732777e-01 6.403757750e-02
8.682917722e-01 -1.234380942e-01 -4.804502422e-01
7.881417594e-02 9.905707041e-01 -1.120625085e-01
4.897527172e-01 5.943666418e-02 8.698330638e-01
-3.965062538e-01 -4.989550031e-01 -2.021608055e+00
3.163890517e+03 -1.623843563e-01 1.173247102e-01
9.985750949e-01 6.620916747e-03 -5.295227310e-02
1.151723720e-02 9.421496858e-01 3.349945116e-01
5.210693823e-02 -3.351270401e-01 9.407309573e-01
-1.672707368e-01 3.851590870e-01 5.413871817e-01
1.038951026e+03 -1.628256376e-01 -1.866287721e-03
9.956260799e-01 2.877432639e-02 8.888614712e-02
-2.269571097e-02 9.973822088e-01 -6.865591166e-02
-9.062898936e-02 6.633828189e-02 9.936727925e-01
1.113027992e-01 -2.308492826e-01 -6.694278951e-01
7.058338675e+03 4.326081492e-01 3.174617093e-03
8.117495138e-01 8.493362752e-02 5.777966820e-01
-2.094015563e-01 9.659113720e-01 1.522044996e-01
-5.451731055e-01 -2.445434530e-01 8.018633204e-01
7.873706500e-01 4.814817588e-01 7.621213323e-01
1.151157681e+03 -5.014354098e-02 -1.847641318e-01
9.686283280e-01 -5.099398574e-02 -2.432257708e-01
9.104011556e-02 9.834948136e-01 1.563638355e-01
2.312376689e-01 -1.736017428e-01 9.572834352e-01
-3.881454310e-01 4.928255829e-01 9.643874118e-01
3.062584118e+03 -1.618389613e-01 1.241962685e-01
9.658784351e-01 -7.652308595e-02 -2.474329522e-01
8.072259315e-02 9.967130199e-01 6.857032800e-03
2.460949237e-01 -2.659648965e-02 9.688807539e-01
-4.782716940e-01 -5.340174968e-02 -2.715574456e-02
3.088888894e+03 -1.639185992e-01 1.008926137e-01
8.714960315e-01 -1.989201406e-01 -4.482470799e-01
6.821645953e-02 9.543258113e-01 -2.908758508e-01
4.856348234e-01 2.229193209e-01 8.452607851e-01
-4.301646979e-01 -2.027539199e-01 -2.145625613e+00
2.298839891e+03 -8.564355795e-02 -1.318984121e-04
9.998193495e-01 1.699786167e-03 -1.893090341e-02
